attention,meditation
40,66
44,53
43,47
43,53
44,67
47,77
48,61
54,41
64,48
66,21
66,26
56,48
44,40
43,66
27,69
41,64
41,43
66,47
60,23
43,7
43,14
23,17
27,4
37,34
35,23
24,34
38,64
30,51
24,77
48,80
38,56
43,43
38,26
21,21
30,26
30,34
30,20
40,23
29,27
34,34
47,57
50,64
54,77
0,0
0,0
0,0
47,88
64,90
75,80
66,83
56,96
56,100
56,100
75,91
80,66
41,67
20,77
1,66
1,61
4,66
11,60
26,60
50,74
63,61
60,63
56,78
43,78
30,88
27,84
24,83
27,100
30,100
43,100
44,100
38,93
35,91
35,81
38,96
57,100
53,74
48,83
51,81
40,56
57,87
77,69
78,93
47,81
11,90
11,94
1,100
14,100
38,100
29,100
43,93
48,91
50,84
54,78
43,90
44,83
23,63
26,66
24,56
13,54
17,75
21,70
40,70
48,80
57,88
48,94
51,97
41,74
24,53
27,38
3,24
8,40
11,51
4,53
10,66
14,69
41,69
41,84
43,87
34,87
20,84
27,66
17,56
38,57
35,61
38,74
51,78
44,84
43,70
26,63
24,61
8,43
8,56
4,61
1,54
4,56
1,50
11,51
8,66
20,69
34,83
43,84
50,78
40,84
35,66
17,60
8,56
1,50
1,53
1,37
1,29
1,34
11,29
20,47
13,35
16,10
4,35
8,34
27,67
35,88
34,75
40,80
43,75
56,78
63,84
57,87
56,74
51,70
56,66
69,50
75,63
63,60
48,54
43,60
26,61
23,74
35,70
37,77
51,69
51,78
43,87
38,88
40,84
47,67
47,54
44,43
38,44
40,38
38,44
38,43
43,27
48,27
54,30
56,43
53,53
35,56
35,50
29,48
34,60
53,60
61,77
63,80
64,80
48,88
26,77
21,87
14,93
11,83
21,81
26,66
30,50
38,48
47,53
56,63
80,54
80,53
75,61